 186.32 	 -139.66 
 186.79 	 -139.66 
 187.26 	 -139.66 
 187.73 	 -100.79 
 188.20 	 -58.87 
 188.67 	 -106.32 
 189.13 	 -85.76 
 189.60 	 -64.97 
 190.07 	 -21.24 
 190.54 	 -104.07 
 191.01 	 -79.21 
 191.48 	 -89.60 
 191.95 	 -128.36 
 192.41 	 -63.05 
 192.88 	 -41.81 
 193.35 	 -24.18 
 193.82 	 -49.04 
 194.29 	 -105.31 
 194.76 	 -85.53 
 195.22 	 -31.07 
 195.69 	 -35.93 
 196.16 	 -25.76 
 196.63 	 -63.61 
 197.10 	 54.35 
 197.56 	 490.38 
 198.03 	 523.83 
 198.50 	 444.73 
 198.97 	 424.06 
 199.43 	 467.22 
 199.90 	 434.56 
 200.37 	 483.49 
 200.84 	 440.67 
 201.30 	 539.87 
 201.77 	 513.55 
 202.24 	 481.46 
 202.71 	 484.62 
 203.17 	 460.67 
 203.64 	 382.81 
 204.11 	 453.10 
 204.58 	 493.32 
 205.04 	 413.21 
 205.51 	 476.48 
 205.98 	 480.44 
 206.44 	 408.92 
 206.91 	 445.64 
 207.38 	 381.80 
 207.84 	 394.34 
 208.31 	 436.26 
 208.78 	 381.35 
 209.24 	 469.25 
 209.71 	 391.97 
 210.18 	 452.19 
 210.64 	 450.84 
 211.11 	 431.74 
 211.58 	 413.10 
 212.04 	 448.12 
 212.51 	 411.18 
 212.98 	 440.55 
 213.44 	 363.38 
 213.91 	 494.79 
 214.37 	 371.18 
 214.84 	 437.84 
 215.31 	 400.33 
 215.77 	 437.39 
 216.24 	 465.75 
 216.70 	 357.96 
 217.17 	 417.73 
 217.63 	 455.69 
 218.10 	 385.64 
 218.57 	 460.21 
 219.03 	 401.57 
 219.50 	 436.03 
 219.96 	 415.13 
 220.43 	 378.41 
 220.89 	 408.92 
 221.36 	 402.25 
 221.82 	 404.06 
 222.29 	 376.71 
 222.75 	 376.94 
 223.22 	 378.86 
 223.68 	 362.48 
 224.15 	 367.67 
 224.61 	 375.58 
 225.08 	 415.24 
 225.54 	 381.91 
 226.01 	 409.25 
 226.47 	 394.90 
 226.94 	 392.65 
 227.40 	 322.25 
 227.87 	 418.63 
 228.33 	 467.45 
 228.80 	 385.98 
 229.26 	 377.73 
 229.72 	 375.81 
 230.19 	 373.66 
 230.65 	 363.95 
 231.12 	 392.31 
 231.58 	 377.62 
 232.05 	 369.37 
 232.51 	 340.89 
 232.97 	 437.05 
 233.44 	 367.33 
 233.90 	 393.21 
 234.37 	 444.06 
 234.83 	 416.60 
 235.29 	 432.42 
 235.76 	 344.17 
 236.22 	 422.36 
 236.68 	 379.43 
 237.15 	 415.92 
 237.61 	 362.25 
 238.07 	 399.99 
 238.54 	 351.18 
 239.00 	 446.32 
 239.46 	 385.53 
 239.93 	 384.51 
 240.39 	 311.74 
 240.85 	 334.91 
 241.32 	 430.50 
 241.78 	 314.23 
 242.24 	 388.69 
 242.71 	 331.63 
 243.17 	 364.28 
 243.63 	 407.90 
 244.10 	 387.90 
 244.56 	 328.80 
 245.02 	 379.65 
 245.48 	 389.93 
 245.95 	 348.24 
 246.41 	 328.24 
 246.87 	 363.04 
 247.33 	 360.33 
 247.80 	 405.87 
 248.26 	 321.57 
 248.72 	 440.10 
 249.18 	 356.37 
 249.64 	 349.37 
 250.11 	 270.16 
 250.57 	 368.69 
 251.03 	 305.75 
 251.49 	 397.39 
 251.95 	 275.02 
 252.42 	 434.56 
 252.88 	 351.74 
 253.34 	 357.17 
 253.80 	 407.67 
 254.26 	 382.59 
 254.73 	 260.11 
 255.19 	 358.86 
 255.65 	 341.91 
 256.11 	 371.97 
 256.57 	 306.77 
 257.03 	 292.87 
 257.49 	 334.12 
 257.95 	 369.14 
 258.42 	 345.41 
 258.88 	 357.05 
 259.34 	 386.20 
 259.80 	 344.85 
 260.26 	 354.34 
 260.72 	 307.22 
 261.18 	 382.59 
 261.64 	 357.96 
 262.10 	 317.62 
 262.56 	 364.28 
 263.03 	 391.40 
 263.49 	 323.04 
 263.95 	 283.83 
 264.41 	 334.12 
 264.87 	 388.13 
 265.33 	 288.58 
 265.79 	 386.43 
 266.25 	 348.47 
 266.71 	 301.80 
 267.17 	 337.84 
 267.63 	 335.47 
 268.09 	 294.46 
 268.55 	 331.18 
 269.01 	 358.97 
 269.47 	 339.09 
 269.93 	 342.48 
 270.39 	 357.50 
 270.85 	 345.87 
 271.31 	 324.29 
 271.77 	 306.88 
 272.23 	 372.65 
 272.69 	 366.09 
 273.15 	 294.46 
 273.61 	 306.66 
 274.07 	 380.55 
 274.53 	 356.04 
 274.98 	 326.32 
 275.44 	 351.40 
 275.90 	 294.12 
 276.36 	 287.56 
 276.82 	 328.01 
 277.28 	 339.20 
 277.74 	 256.83 
 278.20 	 351.06 
 278.66 	 318.07 
 279.12 	 362.93 
 279.58 	 359.65 
 280.03 	 325.64 
 280.49 	 306.32 
 280.95 	 322.70 
 281.41 	 544.51 
 281.87 	 334.91 
 282.33 	 355.13 
 282.79 	 319.54 
 283.24 	 336.04 
 283.70 	 313.89 
 284.16 	 247.00 
 284.62 	 270.39 
 285.08 	 263.04 
 285.54 	 301.69 
 285.99 	 366.54 
 286.45 	 336.60 
 286.91 	 404.85 
 287.37 	 309.71 
 287.83 	 404.06 
 288.28 	 317.73 
 288.74 	 381.35 
 289.20 	 268.35 
 289.66 	 279.31 
 290.11 	 313.55 
 290.57 	 289.14 
 291.03 	 330.27 
 291.49 	 308.13 
 291.94 	 372.76 
 292.40 	 294.34 
 292.86 	 338.64 
 293.32 	 303.04 
 293.77 	 338.41 
 294.23 	 348.24 
 294.69 	 301.12 
 295.14 	 333.55 
 295.60 	 336.04 
 296.06 	 348.80 
 296.52 	 390.61 
 296.97 	 369.82 
 297.43 	 299.31 
 297.89 	 281.24 
 298.34 	 306.09 
 298.80 	 352.99 
 299.26 	 322.14 
 299.71 	 364.96 
 300.17 	 294.91 
 300.62 	 349.14 
 301.08 	 322.14 
 301.54 	 340.33 
 301.99 	 360.22 
 302.45 	 420.78 
 302.91 	 352.31 
 303.36 	 299.31 
 303.82 	 287.45 
 304.27 	 321.01 
 304.73 	 342.25 
 305.19 	 343.15 
 305.64 	 328.35 
 306.10 	 326.32 
 306.55 	 303.16 
 307.01 	 334.79 
 307.46 	 411.74 
 307.92 	 312.53 
 308.38 	 358.18 
 308.83 	 362.36 
 309.29 	 327.68 
 309.74 	 304.06 
 310.20 	 288.13 
 310.65 	 271.74 
 311.11 	 340.89 
 311.56 	 335.58 
 312.02 	 303.04 
 312.47 	 304.51 
 312.93 	 352.53 
 313.38 	 338.86 
 313.84 	 300.11 
 314.29 	 342.48 
 314.75 	 308.01 
 315.20 	 338.41 
 315.66 	 314.00 
 316.11 	 362.14 
 316.57 	 260.78 
 317.02 	 292.99 
 317.48 	 377.39 
 317.93 	 302.70 
 318.38 	 289.82 
 318.84 	 270.61 
 319.29 	 323.61 
 319.75 	 281.46 
 320.20 	 343.61 
 320.66 	 299.31 
 321.11 	 275.92 
 321.56 	 387.11 
 322.02 	 320.10 
 322.47 	 348.24 
 322.92 	 259.65 
 323.38 	 335.47 
 323.83 	 295.70 
 324.29 	 236.72 
 324.74 	 288.24 
 325.19 	 305.42 
 325.65 	 291.29 
 326.10 	 285.08 
 326.55 	 314.68 
 327.01 	 323.38 
 327.46 	 284.85 
 327.91 	 326.88 
 328.37 	 295.81 
 328.82 	 300.22 
 329.27 	 263.38 
 329.73 	 259.43 
 330.18 	 243.38 
 330.63 	 268.81 
 331.09 	 321.91 
 331.54 	 338.86 
 331.99 	 349.37 
 332.44 	 259.20 
 332.90 	 335.36 
 333.35 	 324.51 
 333.80 	 335.25 
 334.25 	 351.29 
 334.71 	 279.77 
 335.16 	 309.37 
 335.61 	 295.47 
 336.06 	 320.22 
 336.52 	 284.29 
 336.97 	 301.01 
 337.42 	 338.30 
 337.87 	 316.15 
 338.32 	 303.95 
 338.78 	 329.71 
 339.23 	 268.24 
 339.68 	 345.53 
 340.13 	 277.85 
 340.58 	 351.18 
 341.04 	 290.95 
 341.49 	 288.69 
 341.94 	 321.46 
 342.39 	 280.11 
 342.84 	 276.26 
 343.29 	 265.53 
 343.74 	 324.40 
 344.20 	 246.43 
 344.65 	 279.77 
 345.10 	 295.25 
 345.55 	 253.55 
 346.00 	 245.87 
 346.45 	 368.35 
 346.90 	 279.20 
 347.35 	 302.36 
 347.80 	 319.99 
 348.26 	 262.59 
 348.71 	 264.40 
 349.16 	 297.85 
 349.61 	 316.60 
 350.06 	 277.39 
 350.51 	 319.99 
 350.96 	 276.72 
 351.41 	 285.87 
 351.86 	 303.16 
 352.31 	 296.72 
 352.76 	 293.55 
 353.21 	 289.37 
 353.66 	 282.25 
 354.11 	 272.99 
 354.56 	 288.35 
 355.01 	 310.73 
 355.46 	 287.56 
 355.91 	 298.30 
 356.36 	 283.04 
 356.81 	 266.77 
 357.26 	 346.88 
 357.71 	 308.69 
 358.16 	 368.01 
 358.61 	 307.79 
 359.06 	 258.07 
 359.51 	 318.41 
 359.96 	 302.93 
 360.41 	 261.91 
 360.86 	 238.75 
 361.31 	 314.91 
 361.76 	 255.47 
 362.21 	 231.29 
 362.66 	 323.38 
 363.10 	 288.58 
 363.55 	 203.61 
 364.00 	 208.81 
 364.45 	 300.44 
 364.90 	 336.71 
 365.35 	 317.17 
 365.80 	 228.24 
 366.25 	 301.80 
 366.70 	 221.24 
 367.14 	 264.85 
 367.59 	 252.99 
 368.04 	 282.03 
 368.49 	 309.14 
 368.94 	 232.31 
 369.39 	 208.02 
 369.83 	 280.56 
 370.28 	 197.28 
 370.73 	 270.84 
 371.18 	 340.33 
 371.63 	 205.08 
 372.08 	 214.91 
 372.52 	 228.81 
 372.97 	 302.70 
 373.42 	 221.80 
 373.87 	 257.62 
 374.31 	 275.36 
 374.76 	 303.04 
 375.21 	 250.95 
 375.66 	 302.03 
 376.11 	 314.00 
 376.55 	 218.86 
 377.00 	 298.30 
 377.45 	 263.27 
 377.89 	 238.19 
 378.34 	 282.93 
 378.79 	 251.18 
 379.24 	 353.10 
 379.68 	 254.57 
 380.13 	 305.98 
 380.58 	 244.06 
 381.02 	 263.16 
 381.47 	 280.11 
 381.92 	 309.48 
 382.37 	 290.95 
 382.81 	 231.86 
 383.26 	 266.77 
 383.71 	 273.10 
 384.15 	 259.43 
 384.60 	 245.98 
 385.04 	 287.34 
 385.49 	 301.46 
 385.94 	 302.70 
 386.38 	 296.04 
 386.83 	 309.48 
 387.28 	 290.50 
 387.72 	 313.78 
 388.17 	 320.90 
 388.61 	 289.14 
 389.06 	 260.22 
 389.51 	 283.04 
 389.95 	 354.91 
 390.40 	 313.55 
 390.84 	 267.34 
 391.29 	 304.29 
 391.74 	 256.38 
 392.18 	 239.99 
 392.63 	 227.45 
 393.07 	 344.17 
 393.52 	 279.99 
 393.96 	 344.17 
 394.41 	 239.09 
 394.85 	 340.10 
 395.30 	 258.30 
 395.74 	 326.32 
 396.19 	 295.47 
 396.63 	 265.64 
 397.08 	 284.29 
 397.52 	 294.12 
 397.97 	 267.68 
 398.41 	 273.89 
 398.86 	 317.28 
 399.30 	 312.65 
 399.75 	 296.72 
 400.19 	 322.25 
 400.64 	 276.94 
 401.08 	 333.32 
 401.53 	 289.26 
 401.97 	 233.44 
 402.42 	 238.64 
 402.86 	 275.81 
 403.30 	 256.04 
 403.75 	 245.76 
 404.19 	 286.77 
 404.64 	 289.71 
 405.08 	 270.73 
 405.52 	 223.95 
 405.97 	 267.90 
 406.41 	 312.87 
 406.86 	 321.80 
 407.30 	 298.98 
 407.74 	 203.84 
 408.19 	 235.93 
 408.63 	 309.48 
 409.07 	 262.82 
 409.52 	 251.52 
 409.96 	 257.62 
 410.40 	 216.94 
 410.85 	 267.11 
 411.29 	 251.97 
 411.73 	 344.51 
 412.18 	 258.30 
 412.62 	 337.73 
 413.06 	 258.07 
 413.51 	 283.27 
 413.95 	 268.58 
 414.39 	 246.55 
 414.84 	 320.10 
 415.28 	 208.36 
 415.72 	 258.19 
 416.16 	 244.40 
 416.61 	 217.85 
 417.05 	 237.17 
 417.49 	 305.87 
 417.93 	 397.73 
 418.38 	 285.76 
 418.82 	 248.36 
 419.26 	 209.26 
 419.70 	 267.90 
 420.14 	 242.71 
 420.59 	 272.99 
 421.03 	 287.45 
 421.47 	 227.90 
 421.91 	 256.94 
 422.35 	 264.06 
 422.80 	 227.00 
 423.24 	 282.14 
 423.68 	 233.89 
 424.12 	 295.59 
 424.56 	 231.63 
 425.01 	 309.94 
 425.45 	 213.67 
 425.89 	 268.24 
 426.33 	 314.12 
 426.77 	 279.99 
 427.21 	 307.11 
 427.65 	 331.06 
 428.09 	 185.76 
 428.54 	 276.26 
 428.98 	 308.24 
 429.42 	 209.03 
 429.86 	 282.48 
 430.30 	 293.10 
 430.74 	 240.78 
 431.18 	 322.59 
 431.62 	 276.15 
 432.06 	 337.51 
 432.50 	 261.91 
 432.94 	 295.25 
 433.38 	 293.44 
 433.83 	 269.26 
 434.27 	 281.91 
 434.71 	 321.91 
 435.15 	 346.09 
 435.59 	 368.80 
 436.03 	 291.86 
 436.47 	 299.54 
 436.91 	 282.03 
 437.35 	 349.37 
 437.79 	 334.23 
 438.23 	 274.68 
 438.67 	 307.79 
 439.11 	 316.83 
 439.55 	 304.06 
 439.99 	 347.56 
 440.43 	 432.19 
 440.87 	 384.74 
 441.30 	 408.35 
 441.74 	 355.24 
 442.18 	 415.47 
 442.62 	 381.35 
 443.06 	 404.74 
 443.50 	 445.07 
 443.94 	 508.91 
 444.38 	 511.40 
 444.82 	 481.57 
 445.26 	 509.93 
 445.70 	 592.53 
 446.14 	 652.86 
 446.58 	 727.44 
 447.01 	 737.49 
 447.45 	 778.17 
 447.89 	 866.08 
 448.33 	 928.79 
 448.77 	 1028.45 
 449.21 	 1130.37 
 449.65 	 1222.79 
 450.08 	 1310.81 
 450.52 	 1497.36 
 450.96 	 1625.72 
 451.40 	 1831.48 
 451.84 	 2030.68 
 452.28 	 2211.13 
 452.71 	 2571.91 
 453.15 	 2737.33 
 453.59 	 3190.09 
 454.03 	 3368.95 
 454.47 	 3771.31 
 454.90 	 4095.82 
 455.34 	 4502.25 
 455.78 	 4839.19 
 456.22 	 5307.09 
 456.65 	 5707.53 
 457.09 	 6100.97 
 457.53 	 6524.91 
 457.97 	 6801.52 
 458.40 	 7159.02 
 458.84 	 7439.24 
 459.28 	 7893.58 
 459.72 	 8063.86 
 460.15 	 8213.57 
 460.59 	 8556.84 
 461.03 	 8633.22 
 461.46 	 8940.56 
 461.90 	 9089.14 
 462.34 	 9065.86 
 462.77 	 9396.36 
 463.21 	 9399.30 
 463.65 	 9620.76 
 464.08 	 9734.32 
 464.52 	 9925.61 
 464.96 	 9961.77 
 465.39 	 10240.30 
 465.83 	 10347.30 
 466.27 	 10384.70 
 466.70 	 10621.98 
 467.14 	 10712.49 
 467.58 	 10948.64 
 468.01 	 11216.43 
 468.45 	 11218.01 
 468.88 	 11461.05 
 469.32 	 11612.80 
 469.76 	 11780.59 
 470.19 	 12112.22 
 470.63 	 12195.50 
 471.06 	 12430.18 
 471.50 	 12637.97 
 471.94 	 12820.11 
 472.37 	 13074.68 
 472.81 	 13128.13 
 473.24 	 13468.01 
 473.68 	 13665.29 
 474.11 	 13848.22 
 474.55 	 13970.48 
 474.98 	 14259.06 
 475.42 	 14312.84 
 475.85 	 14702.10 
 476.29 	 14911.92 
 476.72 	 15063.33 
 477.16 	 15364.23 
 477.59 	 15668.18 
 478.03 	 15919.13 
 478.46 	 16177.99 
 478.90 	 16420.36 
 479.33 	 16756.06 
 479.77 	 17078.31 
 480.20 	 17370.50 
 480.64 	 17716.94 
 481.07 	 18042.80 
 481.51 	 18395.00 
 481.94 	 18726.74 
 482.37 	 19094.41 
 482.81 	 19452.60 
 483.24 	 19884.56 
 483.68 	 20165.91 
 484.11 	 20447.94 
 484.55 	 20863.75 
 484.98 	 21275.37 
 485.41 	 21677.96 
 485.85 	 22070.83 
 486.28 	 22175.24 
 486.71 	 22730.02 
 487.15 	 22947.98 
 487.58 	 23310.35 
 488.02 	 23643.22 
 488.45 	 24062.98 
 488.88 	 24345.46 
 489.32 	 24542.41 
 489.75 	 24876.30 
 490.18 	 25335.15 
 490.62 	 25439.33 
 491.05 	 25725.76 
 491.48 	 26178.18 
 491.92 	 26294.56 
 492.35 	 26427.55 
 492.78 	 26923.70 
 493.21 	 27153.30 
 493.65 	 27315.55 
 494.08 	 27416.23 
 494.51 	 27685.26 
 494.95 	 28013.05 
 495.38 	 28342.87 
 495.81 	 28441.74 
 496.24 	 28495.63 
 496.68 	 29061.04 
 497.11 	 29197.42 
 497.54 	 29242.39 
 497.97 	 29495.72 
 498.40 	 29609.28 
 498.84 	 29863.40 
 499.27 	 30192.20 
 499.70 	 30197.74 
 500.13 	 30469.26 
 500.57 	 30582.02 
 501.00 	 30969.47 
 501.43 	 31065.51 
 501.86 	 31090.82 
 502.29 	 31247.77 
 502.72 	 31497.93 
 503.16 	 31787.30 
 503.59 	 31846.51 
 504.02 	 32197.57 
 504.45 	 32245.37 
 504.88 	 32601.52 
 505.31 	 32713.38 
 505.74 	 32861.62 
 506.18 	 33044.78 
 506.61 	 33329.07 
 507.04 	 33471.10 
 507.47 	 33629.51 
 507.90 	 33636.06 
 508.33 	 33953.01 
 508.76 	 34196.84 
 509.19 	 34509.60 
 509.62 	 34607.90 
 510.05 	 34946.20 
 510.48 	 35004.28 
 510.92 	 35372.29 
 511.35 	 35398.73 
 511.78 	 35724.15 
 512.21 	 35918.94 
 512.64 	 35999.05 
 513.07 	 36320.51 
 513.50 	 36529.66 
 513.93 	 36874.51 
 514.36 	 36968.97 
 514.79 	 37007.28 
 515.22 	 37253.03 
 515.65 	 37609.07 
 516.08 	 37703.98 
 516.51 	 37888.95 
 516.94 	 38079.11 
 517.37 	 38246.34 
 517.80 	 38443.40 
 518.23 	 38740.11 
 518.66 	 38834.35 
 519.09 	 39012.53 
 519.52 	 39211.85 
 519.95 	 39293.43 
 520.37 	 39632.52 
 520.80 	 39595.46 
 521.23 	 39786.19 
 521.66 	 40091.60 
 522.09 	 40222.56 
 522.52 	 40335.89 
 522.95 	 40410.12 
 523.38 	 40590.12 
 523.81 	 40797.23 
 524.24 	 40861.86 
 524.66 	 41115.08 
 525.09 	 41047.40 
 525.52 	 41439.59 
 525.95 	 41249.54 
 526.38 	 41724.33 
 526.81 	 41758.68 
 527.24 	 41669.75 
 527.66 	 41865.79 
 528.09 	 41895.85 
 528.52 	 41959.01 
 528.95 	 42187.70 
 529.38 	 42125.11 
 529.81 	 42393.57 
 530.23 	 42409.62 
 530.66 	 42624.75 
 531.09 	 42828.14 
 531.52 	 42931.53 
 531.95 	 42804.41 
 532.37 	 43154.23 
 532.80 	 43208.02 
 533.23 	 43134.57 
 533.66 	 43373.77 
 534.08 	 43268.01 
 534.51 	 43502.36 
 534.94 	 43601.45 
 535.37 	 43702.35 
 535.79 	 43612.98 
 536.22 	 44124.49 
 536.65 	 44087.54 
 537.08 	 44080.87 
 537.50 	 44166.97 
 537.93 	 44286.97 
 538.36 	 44530.24 
 538.78 	 44741.31 
 539.21 	 44724.47 
 539.64 	 44558.15 
 540.06 	 44798.37 
 540.49 	 45098.48 
 540.92 	 45027.63 
 541.34 	 45114.75 
 541.77 	 45310.22 
 542.20 	 45418.13 
 542.62 	 45339.15 
 543.05 	 45338.36 
 543.48 	 45707.61 
 543.90 	 45552.59 
 544.33 	 45696.76 
 544.75 	 45855.97 
 545.18 	 46086.13 
 545.61 	 46103.31 
 546.03 	 46041.39 
 546.46 	 46210.65 
 546.88 	 46312.45 
 547.31 	 46477.76 
 547.74 	 46611.54 
 548.16 	 46613.80 
 548.59 	 46899.56 
 549.01 	 46644.76 
 549.44 	 46960.69 
 549.86 	 46865.89 
 550.29 	 47029.38 
 550.71 	 47208.02 
 551.14 	 47167.80 
 551.56 	 47224.75 
 551.99 	 47329.60 
 552.41 	 47162.94 
 552.84 	 47387.00 
 553.26 	 47398.19 
 553.69 	 47700.21 
 554.11 	 47572.65 
 554.54 	 47548.35 
 554.96 	 47816.14 
 555.39 	 47858.74 
 555.81 	 47814.11 
 556.24 	 47830.72 
 556.66 	 47819.76 
 557.09 	 47809.14 
 557.51 	 47998.62 
 557.94 	 48212.63 
 558.36 	 48196.92 
 558.78 	 48144.95 
 559.21 	 48185.85 
 559.63 	 48306.98 
 560.06 	 48266.19 
 560.48 	 48485.50 
 560.90 	 48453.75 
 561.33 	 48585.16 
 561.75 	 48404.94 
 562.18 	 48417.03 
 562.60 	 48481.32 
 563.02 	 48778.49 
 563.45 	 48523.13 
 563.87 	 48854.65 
 564.29 	 48655.90 
 564.72 	 48774.54 
 565.14 	 48633.98 
 565.56 	 48803.80 
 565.99 	 48659.85 
 566.41 	 48672.39 
 566.83 	 48882.56 
 567.26 	 48650.59 
 567.68 	 48810.47 
 568.10 	 48824.82 
 568.52 	 48810.81 
 568.95 	 48844.59 
 569.37 	 48826.85 
 569.79 	 48986.28 
 570.22 	 48870.92 
 570.64 	 48935.78 
 571.06 	 48959.28 
 571.48 	 49049.67 
 571.91 	 48896.91 
 572.33 	 49056.56 
 572.75 	 49011.93 
 573.17 	 49090.23 
 573.59 	 49094.19 
 574.02 	 49263.45 
 574.44 	 49105.71 
 574.86 	 49409.89 
 575.28 	 49467.96 
 575.71 	 49628.98 
 576.13 	 49687.85 
 576.55 	 49686.15 
 576.97 	 49810.89 
 577.39 	 50010.32 
 577.81 	 50126.59 
 578.24 	 50265.57 
 578.66 	 50350.54 
 579.08 	 50477.43 
 579.50 	 50527.15 
 579.92 	 50720.47 
 580.34 	 50916.06 
 580.76 	 50953.46 
 581.18 	 51072.78 
 581.61 	 51174.81 
 582.03 	 51194.59 
 582.45 	 51401.25 
 582.87 	 51277.18 
 583.29 	 51393.00 
 583.71 	 51399.21 
 584.13 	 51329.72 
 584.55 	 51432.09 
 584.97 	 51440.79 
 585.39 	 51441.36 
 585.81 	 51410.51 
 586.23 	 51418.99 
 586.65 	 51521.36 
 587.07 	 51335.15 
 587.50 	 51505.54 
 587.92 	 51454.13 
 588.34 	 51486.89 
 588.76 	 51636.95 
 589.18 	 51727.23 
 589.60 	 51562.94 
 590.02 	 51868.58 
 590.44 	 51894.45 
 590.86 	 52119.08 
 591.28 	 52278.17 
 591.69 	 52480.77 
 592.11 	 52685.62 
 592.53 	 52836.12 
 592.95 	 53121.99 
 593.37 	 53211.82 
 593.79 	 53224.14 
 594.21 	 53552.04 
 594.63 	 53554.75 
 595.05 	 53755.31 
 595.47 	 53793.95 
 595.89 	 53917.00 
 596.31 	 53785.82 
 596.73 	 53856.89 
 597.15 	 53893.39 
 597.56 	 53830.11 
 597.98 	 53918.24 
 598.40 	 53799.83 
 598.82 	 53776.10 
 599.24 	 53721.53 
 599.66 	 53666.39 
 600.08 	 53479.50 
 600.50 	 53376.56 
 600.91 	 53356.90 
 601.33 	 53231.59 
 601.75 	 53051.26 
 602.17 	 53233.97 
 602.59 	 52679.18 
 603.00 	 52625.96 
 603.42 	 52610.37 
 603.84 	 52401.22 
 604.26 	 52484.38 
 604.68 	 52184.73 
 605.09 	 52170.61 
 605.51 	 52051.51 
 605.93 	 52019.99 
 606.35 	 51797.40 
 606.77 	 51738.98 
 607.18 	 51615.25 
 607.60 	 51707.57 
 608.02 	 51388.93 
 608.44 	 51540.23 
 608.85 	 51298.43 
 609.27 	 51268.37 
 609.69 	 51482.38 
 610.10 	 51345.66 
 610.52 	 51118.88 
 610.94 	 51294.58 
 611.36 	 51266.00 
 611.77 	 50999.90 
 612.19 	 51188.48 
 612.61 	 51200.12 
 613.02 	 51230.07 
 613.44 	 51170.07 
 613.86 	 50874.48 
 614.27 	 51238.54 
 614.69 	 51034.93 
 615.11 	 51226.00 
 615.52 	 51054.59 
 615.94 	 50988.72 
 616.35 	 51119.56 
 616.77 	 51109.50 
 617.19 	 51106.00 
 617.60 	 51086.34 
 618.02 	 51172.33 
 618.43 	 51006.68 
 618.85 	 51062.39 
 619.27 	 51063.52 
 619.68 	 51021.37 
 620.10 	 51146.23 
 620.51 	 51054.36 
 620.93 	 50968.26 
 621.34 	 51229.27 
 621.76 	 50920.58 
 622.18 	 50975.72 
 622.59 	 50968.72 
 623.01 	 51067.36 
 623.42 	 50983.86 
 623.84 	 50957.53 
 624.25 	 50956.06 
 624.67 	 50953.01 
 625.08 	 50708.38 
 625.50 	 51043.40 
 625.91 	 50939.68 
 626.33 	 50890.19 
 626.74 	 50943.29 
 627.16 	 50932.45 
 627.57 	 50787.25 
 627.99 	 50886.80 
 628.40 	 51087.81 
 628.81 	 50944.88 
 629.23 	 50731.55 
 629.64 	 50759.68 
 630.06 	 50974.03 
 630.47 	 50727.14 
 630.89 	 50816.06 
 631.30 	 50735.62 
 631.71 	 50581.95 
 632.13 	 50721.27 
 632.54 	 50657.43 
 632.96 	 50697.31 
 633.37 	 50686.46 
 633.78 	 50638.33 
 634.20 	 50602.85 
 634.61 	 50629.29 
 635.02 	 50699.91 
 635.44 	 50547.71 
 635.85 	 50651.78 
 636.26 	 50739.00 
 636.68 	 50611.66 
 637.09 	 50564.77 
 637.50 	 50573.70 
 637.92 	 50626.35 
 638.33 	 50650.65 
 638.74 	 50662.17 
 639.16 	 50480.25 
 639.57 	 50546.13 
 639.98 	 50456.41 
 640.40 	 50403.65 
 640.81 	 50648.27 
 641.22 	 50542.06 
 641.63 	 50383.53 
 642.05 	 50635.84 
 642.46 	 50362.52 
 642.87 	 50544.55 
 643.28 	 50545.11 
 643.70 	 50360.94 
 644.11 	 50533.02 
 644.52 	 50477.09 
 644.93 	 50416.87 
 645.35 	 50533.13 
 645.76 	 50261.05 
 646.17 	 50341.05 
 646.58 	 50318.56 
 646.99 	 50418.34 
 647.41 	 50248.17 
 647.82 	 50300.26 
 648.23 	 50341.61 
 648.64 	 50280.82 
 649.05 	 50333.70 
 649.46 	 50241.39 
 649.87 	 50263.54 
 650.29 	 50155.97 
 650.70 	 50298.79 
 651.11 	 50120.72 
 651.52 	 50332.80 
 651.93 	 50143.88 
 652.34 	 50199.02 
 652.75 	 50099.70 
 653.16 	 50028.74 
 653.58 	 50103.99 
 653.99 	 49980.72 
 654.40 	 50247.38 
 654.81 	 50075.75 
 655.22 	 50157.66 
 655.63 	 50180.26 
 656.04 	 50136.31 
 656.45 	 50075.52 
 656.86 	 50073.03 
 657.27 	 50019.81 
 657.68 	 49890.55 
 658.09 	 50009.53 
 658.50 	 49713.61 
 658.91 	 49997.22 
 659.32 	 49750.22 
 659.73 	 49834.17 
 660.14 	 49807.73 
 660.55 	 49882.64 
 660.96 	 49908.18 
 661.37 	 49667.73 
 661.78 	 49692.37 
 662.19 	 49728.30 
 662.60 	 49580.28 
 663.01 	 49657.11 
 663.42 	 49736.43 
 663.83 	 49733.83 
 664.24 	 49748.75 
 664.65 	 49518.25 
 665.06 	 49670.78 
 665.47 	 49498.92 
 665.88 	 49539.38 
 666.28 	 49443.78 
 666.69 	 49415.08 
 667.10 	 49253.39 
 667.51 	 49248.42 
 667.92 	 49116.00 
 668.33 	 49365.82 
 668.74 	 49229.55 
 669.15 	 49218.71 
 669.56 	 49375.42 
 669.96 	 48856.68 
 670.37 	 49196.11 
 670.78 	 49127.30 
 671.19 	 48975.21 
 671.60 	 49038.03 
 672.01 	 48870.81 
 672.41 	 48747.64 
 672.82 	 48988.66 
 673.23 	 48904.59 
 673.64 	 48834.76 
 674.05 	 48762.79 
 674.45 	 48408.33 
 674.86 	 48543.47 
 675.27 	 48424.38 
 675.68 	 48412.06 
 676.08 	 48558.38 
 676.49 	 48275.91 
 676.90 	 48436.35 
 677.31 	 48314.77 
 677.71 	 48211.73 
 678.12 	 48040.66 
 678.53 	 47972.18 
 678.94 	 48021.56 
 679.34 	 47980.66 
 679.75 	 47964.16 
 680.16 	 47985.07 
 680.56 	 47590.05 
 680.97 	 47840.32 
 681.38 	 47838.06 
 681.79 	 47686.32 
 682.19 	 47516.38 
 682.60 	 47564.51 
 683.01 	 47425.76 
 683.41 	 47285.54 
 683.82 	 47351.52 
 684.22 	 47003.85 
 684.63 	 46976.05 
 685.04 	 46923.51 
 685.44 	 47043.96 
 685.85 	 46913.91 
 686.26 	 46800.80 
 686.66 	 46980.69 
 687.07 	 46724.87 
 687.47 	 46578.66 
 687.88 	 46421.04 
 688.29 	 46750.30 
 688.69 	 46423.75 
 689.10 	 46378.33 
 689.50 	 46489.06 
 689.91 	 46247.60 
 690.31 	 46280.70 
 690.72 	 46070.43 
 691.13 	 46185.79 
 691.53 	 45913.93 
 691.94 	 45846.03 
 692.34 	 45749.87 
 692.75 	 45725.46 
 693.15 	 45769.64 
 693.56 	 45355.08 
 693.96 	 45608.97 
 694.37 	 45395.08 
 694.77 	 45467.28 
 695.18 	 45296.66 
 695.58 	 45170.79 
 695.99 	 45097.01 
 696.39 	 45251.92 
 696.79 	 45072.15 
 697.20 	 45025.14 
 697.60 	 45265.59 
 698.01 	 44837.47 
 698.41 	 44862.10 
 698.82 	 44711.93 
 699.22 	 44989.10 
 699.63 	 44514.87 
 700.03 	 44677.58 
 700.43 	 44520.19 
 700.84 	 44475.44 
 701.24 	 44230.25 
 701.64 	 44402.90 
 702.05 	 44180.76 
 702.45 	 44303.69 
 702.86 	 44098.39 
 703.26 	 44082.57 
 703.66 	 44079.63 
 704.07 	 43830.94 
 704.47 	 44093.42 
 704.87 	 44086.19 
 705.28 	 43881.56 
 705.68 	 43825.18 
 706.08 	 43871.84 
 706.49 	 43688.23 
 706.89 	 43647.10 
 707.29 	 43411.85 
 707.70 	 43439.76 
 708.10 	 43431.63 
 708.50 	 43571.17 
 708.90 	 43290.84 
 709.31 	 43370.61 
 709.71 	 43285.30 
 710.11 	 43195.59 
 710.51 	 43288.13 
 710.92 	 42911.19 
 711.32 	 43074.57 
 711.72 	 43005.54 
 712.12 	 43226.32 
 712.53 	 42976.61 
 712.93 	 42977.74 
 713.33 	 43012.65 
 713.73 	 42856.73 
 714.13 	 42961.13 
 714.54 	 42731.31 
 714.94 	 42613.68 
 715.34 	 42615.04 
 715.74 	 42631.65 
 716.14 	 42402.16 
 716.54 	 42476.74 
 716.95 	 42427.02 
 717.35 	 42414.48 
 717.75 	 42329.73 
 718.15 	 42080.93 
 718.55 	 42360.47 
 718.95 	 41962.85 
 719.35 	 42291.54 
 719.76 	 42189.96 
 720.16 	 41923.30 
 720.56 	 42076.97 
 720.96 	 41931.89 
 721.36 	 42100.70 
 721.76 	 41736.76 
 722.16 	 41840.14 
 722.56 	 41830.88 
 722.96 	 41739.81 
 723.36 	 41791.44 
 723.76 	 41663.88 
 724.16 	 41625.91 
 724.56 	 41588.29 
 724.96 	 41762.07 
 725.36 	 41540.83 
 725.76 	 41577.78 
 726.16 	 41566.03 
 726.56 	 41643.99 
 726.96 	 41270.44 
 727.36 	 41454.28 
 727.76 	 41351.57 
 728.16 	 41335.41 
 728.56 	 41132.59 
 728.96 	 41354.17 
 729.36 	 41118.35 
 729.76 	 41313.26 
 730.16 	 41419.48 
 730.56 	 41012.82 
 730.96 	 41022.20 
 731.36 	 40894.74 
 731.76 	 40846.72 
 732.16 	 40973.95 
 732.56 	 40952.82 
 732.96 	 41056.55 
 733.36 	 40902.43 
 733.76 	 40923.10 
 734.15 	 40825.48 
 734.55 	 40796.55 
 734.95 	 40875.87 
 735.35 	 40775.99 
 735.75 	 40637.58 
 736.15 	 40748.19 
 736.55 	 40701.98 
 736.95 	 40476.79 
 737.34 	 40489.67 
 737.74 	 40473.17 
 738.14 	 40358.60 
 738.54 	 40493.74 
 738.94 	 40339.96 
 739.33 	 40598.03 
 739.73 	 40491.36 
 740.13 	 40237.36 
 740.53 	 40212.50 
 740.93 	 40077.70 
 741.32 	 40054.99 
 741.72 	 40013.30 
 742.12 	 40242.22 
 742.52 	 40151.60 
 742.91 	 40174.88 
 743.31 	 39995.45 
 743.71 	 39932.06 
 744.11 	 39775.90 
 744.50 	 39931.72 
 744.90 	 39731.61 
 745.30 	 39693.98 
 745.70 	 39733.76 
 746.09 	 39827.20 
 746.49 	 39788.45 
 746.89 	 39669.24 
 747.28 	 39725.74 
 747.68 	 39663.70 
 748.08 	 39221.68 
 748.47 	 39498.06 
 748.87 	 39553.31 
 749.27 	 39336.82 
 749.66 	 39257.39 
 750.06 	 39308.80 
 750.46 	 39238.63 
 750.85 	 39161.68 
 751.25 	 39165.64 
 751.65 	 39123.94 
 752.04 	 38968.01 
 752.44 	 38990.05 
 752.83 	 38969.48 
 753.23 	 38834.01 
 753.63 	 38671.30 
 754.02 	 38787.12 
 754.42 	 38518.31 
 754.81 	 38262.04 
 755.21 	 38526.90 
 755.60 	 38324.08 
 756.00 	 38425.43 
 756.40 	 38249.84 
 756.79 	 38496.73 
 757.19 	 38313.00 
 757.58 	 38423.51 
 757.98 	 38260.12 
 758.37 	 38184.53 
 758.77 	 38525.31 
 759.16 	 38572.21 
 759.56 	 38331.99 
 759.95 	 38354.36 
 760.35 	 38161.14 
 760.74 	 38489.61 
 761.14 	 38595.60 
 761.53 	 38437.52 
 761.93 	 38423.85 
 762.32 	 38631.41 
 762.71 	 38601.24 
 763.11 	 38568.93 
 763.50 	 38699.77 
 763.90 	 38841.80 
 764.29 	 39032.08 
 764.69 	 38840.33 
 765.08 	 39007.34 
 765.47 	 38844.18 
 765.87 	 39204.51 
 766.26 	 39013.55 
 766.66 	 39373.65 
 767.05 	 39193.21 
 767.44 	 39429.13 
 767.84 	 39414.33 
 768.23 	 39237.73 
 768.62 	 39298.51 
 769.02 	 39133.43 
 769.41 	 39213.77 
 769.80 	 39125.64 
 770.20 	 39135.02 
 770.59 	 39070.61 
 770.98 	 38834.12 
 771.38 	 38832.09 
 771.77 	 38704.52 
 772.16 	 38759.09 
 772.56 	 38455.60 
 772.95 	 38443.17 
 773.34 	 38277.86 
 773.73 	 38248.60 
 774.13 	 38136.51 
 774.52 	 37874.15 
 774.91 	 37896.29 
 775.30 	 37779.12 
 775.70 	 37413.25 
 776.09 	 37393.82 
 776.48 	 37454.16 
 776.87 	 36881.97 
 777.27 	 37022.76 
 777.66 	 36739.15 
 778.05 	 36428.42 
 778.44 	 36619.15 
 778.83 	 36581.64 
 779.23 	 36183.57 
 779.62 	 35987.75 
 780.01 	 35935.89 
 780.40 	 35789.57 
 780.79 	 35614.43 
 781.18 	 35425.96 
 781.58 	 35459.97 
 781.97 	 35224.50 
 782.36 	 34958.63 
 782.75 	 34936.93 
 783.14 	 34881.46 
 783.53 	 34684.51 
 783.92 	 34582.48 
 784.31 	 34556.04 
 784.71 	 34526.21 
 785.10 	 34380.11 
 785.49 	 34254.24 
 785.88 	 33957.75 
 786.27 	 33896.96 
 786.66 	 33809.73 
 787.05 	 33905.32 
 787.44 	 33826.46 
 787.83 	 33598.78 
 788.22 	 33713.01 
 788.61 	 33500.48 
 789.00 	 33493.92 
 789.39 	 33352.57 
 789.78 	 33250.99 
 790.17 	 33198.79 
 790.56 	 33222.52 
 790.95 	 33087.72 
 791.34 	 33310.42 
 791.73 	 32991.22 
 792.12 	 33027.83 
 792.51 	 32892.81 
 792.90 	 32802.75 
 793.29 	 32652.59 
 793.68 	 32533.72 
 794.07 	 32320.17 
 794.46 	 32500.05 
 794.85 	 32433.50 
 795.24 	 32303.11 
 795.63 	 32413.84 
 796.02 	 32082.77 
 796.41 	 32174.86 
 796.80 	 31855.66 
 797.18 	 31929.44 
 797.57 	 31754.87 
 797.96 	 31897.47 
 798.35 	 31896.56 
 798.74 	 31601.65 
 799.13 	 31531.71 
 799.52 	 31664.14 
 799.91 	 31580.64 
 800.29 	 31519.06 
 800.68 	 31373.19 
 801.07 	 31437.37 
 801.46 	 31472.17 
 801.85 	 31292.40 
 802.24 	 30987.43 
 802.62 	 31059.41 
 803.01 	 31053.87 
 803.40 	 30958.62 
 803.79 	 31013.53 
 804.18 	 30856.02 
 804.56 	 31027.43 
 804.95 	 30808.57 
 805.34 	 30652.08 
 805.73 	 30778.06 
 806.11 	 30605.86 
 806.50 	 30410.50 
 806.89 	 30517.05 
 807.28 	 30414.57 
 807.66 	 30613.32 
 808.05 	 30424.85 
 808.44 	 30273.78 
 808.83 	 30057.74 
 809.21 	 30065.09 
 809.60 	 30194.23 
 809.99 	 30123.84 
 810.37 	 30025.31 
 810.76 	 30161.92 
 811.15 	 29720.69 
 811.53 	 29863.51 
 811.92 	 29655.83 
 812.31 	 29886.45 
 812.69 	 29541.26 
 813.08 	 29643.18 
 813.47 	 29547.92 
 813.85 	 29329.29 
 814.24 	 29520.24 
 814.62 	 29386.57 
 815.01 	 29272.90 
 815.40 	 29528.04 
 815.78 	 29218.78 
 816.17 	 29339.91 
 816.55 	 29057.77 
 816.94 	 29003.08 
 817.33 	 28943.08 
 817.71 	 28874.72 
 818.10 	 29013.70 
 818.48 	 28926.58 
 818.87 	 28819.13 
 819.25 	 28841.28 
 819.64 	 29065.68 
 820.02 	 28634.05 
 820.41 	 28763.42 
 820.79 	 28628.29 
 821.18 	 28695.06 
 821.56 	 28528.06 
 821.95 	 28673.82 
 822.33 	 28525.80 
 822.72 	 28551.34 
 823.10 	 28375.98 
 823.49 	 28226.49 
 823.87 	 28345.36 
 824.26 	 28352.59 
 824.64 	 28046.38 
 825.03 	 28174.85 
 825.41 	 28144.46 
 825.80 	 28000.62 
 826.18 	 27907.29 
 826.56 	 28051.92 
 826.95 	 27978.70 
 827.33 	 27831.36 
 827.72 	 27681.76 
 828.10 	 27841.41 
 828.48 	 27694.87 
 828.87 	 27670.12 
 829.25 	 27810.23 
 829.64 	 27631.59 
 830.02 	 27467.87 
 830.40 	 27727.97 
 830.79 	 27610.35 
 831.17 	 27457.13 
 831.55 	 27591.82 
 831.94 	 27344.03 
 832.32 	 27510.12 
 832.70 	 27179.96 
 833.09 	 27224.82 
 833.47 	 27252.96 
 833.85 	 27071.38 
 834.23 	 27243.92 
 834.62 	 27254.65 
 835.00 	 27182.00 
 835.38 	 27170.81 
 835.77 	 26827.54 
 836.15 	 27034.09 
 836.53 	 26947.43 
 836.91 	 26901.67 
 837.30 	 27007.54 
 837.68 	 26918.16 
 838.06 	 26734.89 
 838.44 	 26808.33 
 838.82 	 26743.93 
 839.21 	 26576.25 
 839.59 	 26510.38 
 839.97 	 26551.28 
 840.35 	 26483.03 
 840.73 	 26584.72 
 841.12 	 26302.02 
 841.50 	 26547.21 
 841.88 	 26265.52 
 842.26 	 26254.79 
 842.64 	 26329.82 
 843.02 	 26377.72 
 843.41 	 26404.84 
 843.79 	 26207.56 
 844.17 	 26348.46 
 844.55 	 26075.59 
 844.93 	 26102.03 
 845.31 	 26070.27 
 845.69 	 25865.20 
 846.07 	 25920.56 
 846.45 	 26050.61 
 846.84 	 25861.81 
 847.22 	 25811.75 
 847.60 	 25775.37 
 847.98 	 25813.90 
 848.36 	 25705.88 
 848.74 	 25702.94 
 849.12 	 25643.62 
 849.50 	 25516.62 
 849.88 	 25595.94 
 850.26 	 25385.66 
 850.64 	 25564.53 
 851.02 	 25407.92 
 851.40 	 25161.71 
 851.78 	 25464.42 
 852.16 	 25366.56 
 852.54 	 25044.65 
 852.92 	 25319.33 
 853.30 	 25280.47 
 853.68 	 25002.51 
 854.06 	 24963.86 
 854.44 	 24869.18 
 854.82 	 25053.13 
 855.20 	 24934.03 
 855.58 	 24938.89 
 855.96 	 24630.99 
 856.34 	 24736.98 
 856.71 	 24684.44 
 857.09 	 24635.62 
 857.47 	 24817.99 
 857.85 	 24551.33 
 858.23 	 24538.68 
 858.61 	 24361.05 
 858.99 	 24588.28 
 859.37 	 24281.40 
 859.75 	 24178.57 
 860.12 	 24487.94 
 860.50 	 24260.83 
 860.88 	 24172.70 
 861.26 	 24127.05 
 861.64 	 24120.95 
 862.02 	 24026.37 
 862.39 	 23908.75 
 862.77 	 23957.34 
 863.15 	 23846.83 
 863.53 	 23617.23 
 863.91 	 23420.51 
 864.28 	 23709.66 
 864.66 	 23408.42 
 865.04 	 23421.53 
 865.42 	 23169.22 
 865.80 	 23137.81 
 866.17 	 23046.40 
 866.55 	 23156.45 
 866.93 	 22970.02 
 867.31 	 22867.31 
 867.68 	 22845.61 
 868.06 	 22631.61 
 868.44 	 22573.42 
 868.81 	 22561.67 
 869.19 	 22407.32 
 869.57 	 22451.39 
 869.95 	 22400.54 
 870.32 	 22359.98 
 870.70 	 22418.62 
 871.08 	 22418.62 
 871.45 	 22390.03 
 871.83 	 22377.94 
 872.21 	 22656.24 
 872.58 	 22643.70 
 872.96 	 22757.82 
 873.33 	 22807.20 
 873.71 	 22903.47 
 874.09 	 23076.12 
 874.46 	 23276.00 
 874.84 	 23394.98 
 875.22 	 23571.24 
 875.59 	 23762.20 
 875.97 	 24017.33 
 876.34 	 24329.87 
 876.72 	 24467.49 
 877.09 	 24697.09 
 877.47 	 25091.20 
 877.85 	 25223.97 
 878.22 	 25689.27 
 878.60 	 25804.41 
 878.97 	 26113.44 
 879.35 	 26302.13 
 879.72 	 26802.23 
 880.10 	 26867.99 
 880.47 	 27317.36 
 880.85 	 27568.43 
 881.22 	 27799.04 
 881.60 	 27885.14 
 881.97 	 28233.72 
 882.35 	 28539.93 
 882.72 	 28512.36 
 883.10 	 28526.26 
 883.47 	 28752.01 
 883.85 	 28698.12 
 884.22 	 28700.71 
 884.59 	 28755.63 
 884.97 	 28555.86 
 885.34 	 28482.19 
 885.72 	 28249.65 
 886.09 	 28359.59 
 886.47 	 27843.00 
 886.84 	 27973.50 
 887.21 	 27692.83 
 887.59 	 27333.74 
 887.96 	 27150.81 
 888.34 	 26987.76 
 888.71 	 26484.39 
 889.08 	 26383.15 
 889.46 	 26039.77 
 889.83 	 25787.68 
 890.20 	 25570.85 
 890.58 	 25176.63 
 890.95 	 24901.61 
 891.32 	 24478.11 
 891.70 	 24444.67 
 892.07 	 24150.78 
 892.44 	 23762.54 
 892.82 	 23627.18 
 893.19 	 23160.18 
 893.56 	 23008.21 
 893.93 	 22672.40 
 894.31 	 22471.16 
 894.68 	 22199.98 
 895.05 	 22040.10 
 895.42 	 21896.03 
 895.80 	 21795.92 
 896.17 	 21598.19 
 896.54 	 21276.95 
 896.91 	 21103.29 
 897.29 	 20934.14 
 897.66 	 20764.88 
 898.03 	 20660.25 
 898.40 	 20417.20 
 898.77 	 20114.39 
 899.15 	 20121.05 
 899.52 	 19986.93 
 899.89 	 19717.67 
 900.26 	 19586.49 
 900.63 	 19562.08 
 901.00 	 19345.14 
 901.38 	 19205.94 
 901.75 	 18903.91 
 902.12 	 18862.33 
 902.49 	 18641.09 
 902.86 	 18583.13 
 903.23 	 18425.96 
 903.60 	 18294.66 
 903.97 	 18204.95 
 904.35 	 18040.09 
 904.72 	 17883.03 
 905.09 	 17806.54 
 905.46 	 17574.79 
 905.83 	 17537.39 
 906.20 	 17452.31 
 906.57 	 17415.02 
 906.94 	 17221.58 
 907.31 	 17131.98 
 907.68 	 16980.34 
 908.05 	 16826.11 
 908.42 	 16769.16 
 908.79 	 16670.97 
 909.16 	 16596.96 
 909.53 	 16519.57 
 909.90 	 16333.92 
 910.27 	 16279.68 
 910.64 	 16123.98 
 911.01 	 16039.92 
 911.38 	 15905.57 
 911.75 	 15785.12 
 912.12 	 15776.65 
 912.49 	 15601.96 
 912.86 	 15549.76 
 913.23 	 15374.06 
 913.60 	 15386.94 
 913.97 	 15385.25 
 914.34 	 15102.77 
 914.71 	 14965.48 
 915.07 	 14798.14 
 915.44 	 14857.80 
 915.81 	 14804.47 
 916.18 	 14832.83 
 916.55 	 14591.14 
 916.92 	 14419.51 
 917.29 	 14348.10 
 917.66 	 14356.12 
 918.02 	 14206.52 
 918.39 	 14077.60 
 918.76 	 14048.56 
 919.13 	 13931.39 
 919.50 	 13870.71 
 919.87 	 13696.25 
 920.23 	 13610.26 
 920.60 	 13603.82 
 920.97 	 13396.37 
 921.34 	 13444.51 
 921.71 	 13358.86 
 922.07 	 13274.23 
 922.44 	 13171.97 
 922.81 	 13005.31 
 923.18 	 12994.46 
 923.54 	 12931.64 
 923.91 	 12800.23 
 924.28 	 12735.82 
 924.65 	 12603.96 
 925.01 	 12518.43 
 925.38 	 12448.94 
 925.75 	 12380.01 
 926.12 	 12384.65 
 926.48 	 12192.22 
 926.85 	 12131.88 
 927.22 	 12090.19 
 927.58 	 11901.04 
 927.95 	 11932.12 
 928.32 	 11836.75 
 928.68 	 11760.59 
 929.05 	 11613.93 
 929.42 	 11486.36 
 929.78 	 11527.15 
 930.15 	 11435.52 
 930.52 	 11261.17 
 930.88 	 11235.30 
 931.25 	 11208.29 
 931.61 	 11081.63 
 931.98 	 11026.04 
 932.35 	 10812.94 
 932.71 	 10782.99 
 933.08 	 10672.71 
 933.44 	 10589.67 
 933.81 	 10539.16 
 934.18 	 10393.40 
 934.54 	 10231.14 
 934.91 	 10243.57 
 935.27 	 10165.83 
 935.64 	 10053.63 
 936.00 	 10021.43 
 936.37 	 10071.49 
 936.73 	 9923.92 
 937.10 	 9831.61 
 937.46 	 9778.84 
 937.83 	 9707.77 
 938.19 	 9701.33 
 938.56 	 9557.38 
 938.92 	 9469.47 
 939.29 	 9310.83 
 939.65 	 9354.67 
 940.02 	 9297.83 
 940.38 	 9173.66 
 940.75 	 9082.13 
 941.11 	 9000.55 
 941.47 	 8929.26 
 941.84 	 8879.54 
 942.20 	 8827.56 
 942.57 	 8745.42 
 942.93 	 8646.33 
 943.30 	 8661.24 
 943.66 	 8535.48 
 944.02 	 8469.38 
 944.39 	 8349.72 
 944.75 	 8289.95 
 945.11 	 8336.50 
 945.48 	 8212.44 
 945.84 	 8151.09 
 946.20 	 7988.83 
 946.57 	 8086.57 
 946.93 	 7956.97 
 947.29 	 7905.55 
 947.66 	 7857.19 
 948.02 	 7767.37 
 948.38 	 7641.38 
 948.75 	 7597.54 
 949.11 	 7557.20 
 949.47 	 7507.49 
 949.84 	 7472.23 
 950.20 	 7335.74 
 950.56 	 7147.72 
 950.92 	 7250.43 
 951.29 	 7194.84 
 951.65 	 7118.68 
 952.01 	 6960.95 
 952.37 	 6909.99 
 952.74 	 6825.02 
 953.10 	 6854.28 
 953.46 	 6803.55 
 953.82 	 6750.22 
 954.18 	 6534.86 
 954.55 	 6572.03 
 954.91 	 6518.47 
 955.27 	 6466.16 
 955.63 	 6366.84 
 955.99 	 6314.64 
 956.36 	 6241.19 
 956.72 	 6103.12 
 957.08 	 6117.58 
 957.44 	 6113.17 
 957.80 	 6047.86 
 958.16 	 5960.97 
 958.52 	 5946.74 
 958.88 	 5748.66 
 959.25 	 5842.67 
 959.61 	 5719.06 
 959.97 	 5710.81 
 960.33 	 5646.74 
 960.69 	 5617.14 
 961.05 	 5495.67 
 961.41 	 5470.82 
 961.77 	 5435.79 
 962.13 	 5367.20 
 962.49 	 5314.10 
 962.85 	 5274.55 
 963.21 	 5227.89 
 963.57 	 5124.84 
 963.93 	 5102.46 
 964.29 	 4948.68 
 964.65 	 5030.38 
 965.01 	 4903.60 
 965.37 	 4916.37 
 965.73 	 4855.58 
 966.09 	 4735.47 
 966.45 	 4726.32 
 966.81 	 4809.14 
 967.17 	 4604.06 
 967.53 	 4710.27 
 967.89 	 4590.05 
 968.25 	 4537.28 
 968.61 	 4413.22 
 968.97 	 4411.86 
 969.33 	 4371.52 
 969.69 	 4313.67 
 970.05 	 4343.28 
 970.41 	 4235.93 
 970.77 	 4160.91 
 971.12 	 4063.73 
 971.48 	 4021.02 
 971.84 	 4039.55 
 972.20 	 4015.37 
 972.56 	 3890.52 
 972.92 	 3881.71 
 973.28 	 3882.16 
 973.63 	 3779.22 
 973.99 	 3703.86 
 974.35 	 3659.34 
 974.71 	 3644.08 
 975.07 	 3649.28 
 975.43 	 3639.68 
 975.78 	 3564.77 
 976.14 	 3455.39 
 976.50 	 3439.12 
 976.86 	 3393.02 
 977.21 	 3348.27 
 977.57 	 3229.86 
 977.93 	 3296.07 
 978.29 	 3198.79 
 978.65 	 3168.05 
 979.00 	 3069.75 
 979.36 	 3138.00 
 979.72 	 3060.94 
 980.07 	 3030.20 
 980.43 	 2941.50 
 980.79 	 2853.82 
 981.15 	 2935.40 
 981.50 	 2893.60 
 981.86 	 2780.72 
 982.22 	 2837.89 
 982.57 	 2731.45 
 982.93 	 2723.43 
 983.29 	 2702.30 
 983.64 	 2589.31 
 984.00 	 2589.99 
 984.36 	 2568.63 
 984.71 	 2535.07 
 985.07 	 2501.63 
 985.42 	 2503.66 
 985.78 	 2374.63 
 986.14 	 2466.26 
 986.49 	 2327.28 
 986.85 	 2351.24 
 987.20 	 2200.85 
 987.56 	 2252.14 
 987.92 	 2228.19 
 988.27 	 2193.95 
 988.63 	 2190.11 
 988.98 	 2105.14 
 989.34 	 2089.66 
 989.69 	 2054.97 
 990.05 	 1987.63 
 990.40 	 1994.64 
 990.76 	 1981.98 
 991.11 	 1913.17 
 991.47 	 1856.90 
 991.82 	 1849.56 
 992.18 	 1799.84 
 992.53 	 1845.38 
 992.89 	 1750.46 
 993.24 	 1735.43 
 993.60 	 1773.06 
 993.95 	 1669.90 
 994.31 	 1680.07 
 994.66 	 1659.96 
 995.02 	 1580.18 
 995.37 	 1552.16 
 995.72 	 1582.90 
 996.08 	 1530.47 
 996.43 	 1553.97 
 996.79 	 1419.96 
 997.14 	 1487.31 
 997.50 	 1409.45 
 997.85 	 1392.51 
 998.20 	 1370.02 
 998.56 	 1368.10 
 998.91 	 1323.24 
 999.26 	 1262.90 
 999.62 	 1263.02 
 999.97 	 1221.10 
 1000.32 	 1236.80 
 1000.68 	 1175.68 
 1001.03 	 1146.64 
 1001.38 	 1136.24 
 1001.74 	 1106.52 
 1002.09 	 1131.50 
 1002.44 	 1071.27 
 1002.80 	 1051.50 
 1003.15 	 1064.83 
 1003.50 	 1062.57 
 1003.85 	 981.90 
 1004.21 	 964.04 
 1004.56 	 993.65 
 1004.91 	 953.42 
 1005.26 	 913.76 
 1005.62 	 906.76 
 1005.97 	 910.48 
 1006.32 	 891.95 
 1006.67 	 893.42 
 1007.03 	 879.98 
 1007.38 	 843.37 
 1007.73 	 830.71 
 1008.08 	 842.35 
 1008.43 	 792.18 
 1008.78 	 766.42 
 1009.14 	 733.77 
 1009.49 	 684.05 
 1009.84 	 749.36 
 1010.19 	 645.97 
 1010.54 	 671.06 
 1010.89 	 680.66 
 1011.25 	 675.58 
 1011.60 	 636.59 
 1011.95 	 715.91 
 1012.30 	 601.79 
 1012.65 	 546.65 
 1013.00 	 564.62 
 1013.35 	 613.66 
 1013.70 	 599.31 
 1014.05 	 538.40 
 1014.40 	 584.62 
 1014.75 	 526.54 
 1015.10 	 558.40 
 1015.46 	 479.20 
 1015.81 	 528.91 
 1016.16 	 494.34 
 1016.51 	 487.56 
 1016.86 	 478.07 
 1017.21 	 430.16 
 1017.56 	 410.95 
 1017.91 	 396.71 
 1018.26 	 410.50 
 1018.61 	 428.24 
 1018.96 	 374.23 
 1019.31 	 457.05 
 1019.66 	 378.97 
 1020.01 	 399.20 
 1020.35 	 405.87 
 1020.70 	 361.91 
 1021.05 	 349.71 
 1021.40 	 324.51 
 1021.75 	 311.63 
 1022.10 	 236.49 
 1022.45 	 252.87 
 1022.80 	 265.42 
 1023.15 	 248.47 
 1023.50 	 307.00 
 1023.85 	 340.22 
 1024.19 	 335.36 
 1024.54 	 275.92 
 1024.89 	 247.00 
 1025.24 	 259.65 
 1025.59 	 206.10 
 1025.94 	 238.19 
 1026.29 	 287.56 
 1026.63 	 228.13 
 1026.98 	 244.97 
 1027.33 	 178.75 
 1027.68 	 200.11 
 1028.03 	 224.29 
 1028.37 	 224.29 
 1028.72 	 224.29 
>>>>>End Processed Spectral Data<<<<<	
